Weights: [0.8068934679031372, 0.3039967119693756, 0.5549356341362, 0.6776961088180542, 0.722468376159668, -0.04167894273996353, 0.2628641724586487, 0.6286799311637878, -0.6192376017570496, 0.34603363275527954, 0.0031242966651916504]
Bias: -4.9599151611328125
