Weights: [0.8838251233100891, -2.4564239978790283, 1.9601231813430786, 0.01562761887907982, -0.45318251848220825, -0.7612390518188477, -1.2509533166885376, -0.9631525278091431, -0.4518977403640747, 1.5045385360717773, 2.6721889972686768]
Bias: -0.5930525660514832
