Weights: [-0.6469271183013916, 4.721079349517822, -2.875638008117676, 0.6899047493934631, 1.3142306804656982, 2.5223488807678223, 4.03931999206543, 3.0574867725372314, -0.5244836807250977, -3.1189777851104736, -6.386251926422119]
Bias: -0.31556519865989685
