Weights: [-0.021642327308654785, -2.305802345275879, 1.0025858879089355, -0.6894720196723938, -0.6115965843200684, -1.046890377998352, -1.8965445756912231, -1.5142868757247925, 0.5200574398040771, 1.291973352432251, 2.626573324203491]
Bias: -1.370292067527771
