Weights: [0.6875979900360107, -0.29355016350746155, 0.749681830406189, 0.34440553188323975, 0.29482248425483704, -0.09204701334238052, 0.030120354145765305, 0.19472526013851166, -0.5000330209732056, 0.48157966136932373, 0.5074588656425476]
Bias: -4.086233139038086
