Weights: [0.05024377256631851, 0.703231692314148, -0.21921131014823914, 0.4303061068058014, 0.34611502289772034, -0.04514683783054352, 0.15877589583396912, 0.14977319538593292, 0.06331470608711243, -0.029706202447414398, 0.029843896627426147]
Bias: -2.4146599769592285
