Weights: [0.18017829, -1.40313008, -0.43518995, 0.40925939, 0.42093245, 0.00190775, -0.28215149, -0.71455717, -0.05174342, 0.50405277, 0.06505805]
Bias: -0.9480638528276839
