Weights: [-2.64186061, 4.62901002, -1.6509371, 0.31727154, -0.84062127, 2.75885236, 5.85105273, 0.67909936, 0.28127848, -4.07657734, -5.41304541]
Bias: -0.401542726628293
