Weights: [-0.07714897, 0.01583292, -0.03502123, 0.07962884, -0.14284352, -0.0751233, -0.02630579, -0.12373427, 0.03564538, 0.03940887, 0.30842437]
Bias: -0.9947929198995954
