Weights: [0.36042867, -0.06968726, 0.15425944, 0.04350824, -0.04090004, -0.02297024, -0.1867232, 0.23410241, -0.19566581, 0.06050785, -0.03850646]
Bias: -0.993124976879104
