Weights: [-0.15860603, 0.09350347, 0.195844, -0.15034201, 0.68899957, -0.01172049, -0.10862142, 0.01747665, -0.0537812, 0.28314397, -0.0923332]
Bias: -0.9868553624693162
