Weights: [0.049720004200935364, -0.08286376297473907, -0.0820934996008873, -0.11133792251348495, -0.061631347984075546, -0.040524087846279144, -0.3551090359687805, -0.17728790640830994, 0.16331671178340912, 0.17080432176589966, 0.5459690690040588]
Bias: -0.998866617679596
