Weights: [-0.012410332448780537, 0.05776362121105194, -0.042960766702890396, -0.005521186627447605, 0.0008375917677767575, -0.02461761236190796, -0.02964002825319767, 0.015144816599786282, 0.02654305286705494, -0.024224551394581795, -0.028481870889663696]
Bias: -1.1027240753173828
