Weights: [0.17803868651390076, -0.018302973359823227, 0.2774733603000641, 0.13547980785369873, 0.051125168800354004, 0.041154537349939346, 0.05536998063325882, 0.017501844093203545, -0.0723780021071434, 0.09377339482307434, 0.24046333134174347]
Bias: -1.0509792566299438
