Weights: [0.10760404914617538, 0.03967021033167839, 0.005866697058081627, 0.1090388298034668, 0.12568549811840057, -0.15594851970672607, 0.03716185688972473, 0.06261389702558517, -0.2927558720111847, 0.18740195035934448, -0.08206725865602493]
Bias: -1.004054307937622
