Weights: [-0.1738976538181305, 0.14576494693756104, -0.14016805589199066, -0.1067119613289833, -0.07728391885757446, -0.044595178216695786, -0.04765016958117485, -0.16716711223125458, 0.12563784420490265, -0.09860622882843018, 0.02832399681210518]
Bias: -1.0140665769577026
