Weights: [-0.39400148391723633, 1.2166318893432617, -0.8210360407829285, -0.13405196368694305, 0.10181029140949249, 0.3596387207508087, 1.2856593132019043, 0.5974650382995605, -0.10574798285961151, -1.1758531332015991, -1.9239637851715088]
Bias: -0.9868057370185852
