Weights: [-0.3366354703903198, 1.2022591829299927, -0.7361524105072021, -0.19325916469097137, 0.09475038945674896, 0.2153995931148529, 1.2627596855163574, 0.5410716533660889, -0.26977667212486267, -1.2192912101745605, -1.958457589149475]
Bias: -0.9862607717514038
