Weights: [-0.011436560191214085, 0.05228160321712494, -0.042294878512620926, -0.00682307593524456, 0.00358275743201375, -0.023865869268774986, -0.024420933797955513, 0.010899240151047707, 0.01107484195381403, -0.026421811431646347, -0.032718852162361145]
Bias: -1.1550397872924805
