Weights: [0.11781144887208939, -0.4110683798789978, 0.32161733508110046, -0.15862752497196198, -0.13887673616409302, 0.04741474613547325, -0.05160427466034889, -0.06886567920446396, -0.08993027359247208, 0.010298009030520916, 0.13198068737983704]
Bias: -1.0670984983444214
