Weights: [-0.17239829897880554, -0.19360953569412231, -0.014865072444081306, 0.03526053950190544, 0.0028511355631053448, 0.11351273208856583, 0.04413405433297157, -0.2599725127220154, 0.08193280547857285, 0.19068363308906555, 0.28653666377067566]
Bias: -1.0010565519332886
