Weights: [-0.18248210847377777, -0.08296661078929901, -0.24267573654651642, -0.11884521692991257, -0.08912672102451324, 0.17944805324077606, -0.04019111394882202, -0.20189028978347778, 0.21869884431362152, 0.009805633686482906, 0.3057316839694977]
Bias: -0.998036801815033
