Weights: [-0.05284719914197922, 0.2280867099761963, -0.166930690407753, 0.06550201773643494, 0.056726615875959396, 0.14212572574615479, 0.17421869933605194, 0.0876263678073883, 0.04753132164478302, -0.02964765764772892, -0.1536773145198822]
Bias: -1.007595419883728
